100
1 01
6 0205001
5 341001
6 0120021
2 601
6 0936041
6 7107753
0 1
1 21
6 0000001
2 112
5 111111
6 0000001
4 30701
0 1
6 0146188
6 1000001
6 9800001
6 0122221
5 100101
5 112021
1 06
6 0000002
3 2012
6 1600001
6 0000001
6 0000001
6 0010001
6 0000001
6 8060842
5 100101
1 11
5 110011
6 3700001
6 2121121
6 0000001
6 9999999
4 00111
6 4000123
6 0060801
2 249
6 2000001
3 0031
6 2122021
5 746993
6 0012221
4 30608
6 2655005
3 1048
1 22
5 877301
6 3668428
6 5445125
2 001
6 9000801
1 01
1 01
3 0003
6 5000011
5 400491
5 170356
6 1221101
6 0500071
6 2040001
1 33
6 2020201
6 0000401
6 9169611
6 0000001
4 40145
5 210221
6 7000081
6 1111111
2 122
6 6002001
1 51
0 1
6 1881001
6 4101266
0 1
0 1
6 0000001
6 0000001
6 0000971
6 9001707
4 50001
6 0000001
1 09
2 948
4 11111
6 2011002
6 2121222
6 2400001
6 9000001
0 1
6 1222022
6 4894671
3 0001
5 300021
6 8768607
