100
1
19
23
101001
111
10101
2
20
2100
11
201
1998
990000
11111
77777
999000
110
11100
10999
1999
12
1099
11011
102
200
901
16384
30
11101
1101
999998
10001
999
199
22
10000
1111
999900
91
10011
2000
65536
1000
9
19
456789
2101
998999
654321
899999
99
11001
90
100001
12000
99001
10100
32
12001
32768
100000
999990
29
101
678901
567890
99000
999901
990001
900
900001
1100
11000
9999
2001
999991
900000
999001
2002
999999
999989
10010
21
234567
2201
2200
1024
1000000
11010
10
100
10111
101000
999899
10110
31
11110
1001
1110
989999
