100
15 1 0
1 4 1
4 3 7
16 1 16
15 1 1
3 4 11
3 5 3
5 3 13
5 3 11
2 2 3
4 3 12
4 4 1
1 9 9
3 5 4
3 5 10
5 3 14
16 1 0
2 4 4
3 5 6
1 1 1
3 4 12
5 3 5
1 15 0
3 5 1
5 3 9
4 4 7
2 4 8
2 2 0
1 15 8
1 13 6
4 4 9
3 3 8
3 4 0
3 5 14
9 1 9
4 4 0
1 10 6
3 5 15
4 3 1
3 5 13
4 4 4
1 16 16
4 4 16
5 3 6
5 3 15
15 1 6
1 16 1
2 6 10
5 3 1
4 4 2
3 3 2
1 15 1
5 3 0
5 3 7
15 1 8
5 3 12
2 7 9
3 5 12
7 2 7
3 5 7
3 5 0
1 16 0
16 1 8
1 15 6
3 5 9
15 1 15
1 16 9
1 15 15
16 1 9
2 6 12
16 1 7
6 2 5
16 1 1
3 2 5
1 16 7
2 2 2
2 7 14
5 3 3
4 4 5
4 4 8
5 3 2
5 3 4
1 9 6
5 3 10
2 3 6
2 8 1
3 5 5
2 5 4
3 5 11
1 15 7
5 3 8
1 6 4
3 5 8
9 1 6
15 1 7
7 2 13
2 3 1
1 16 8
1 1 0
3 5 2
