35

1
1 
8
14 37 47 44 26 15 50 4 
13 32 33 16 3 30 21 53 
55 43 61 54 6 58 40 49 
24 34 17 5 31 2 45 59 
51 64 39 12 46 57 41 19 
60 52 62 23 8 25 1 63 
35 42 56 18 10 28 29 27 
48 9 20 36 7 38 22 11 
3
2 3 8 
7 5 9 
6 4 1 
3
6 4 5 
2 9 1 
8 7 3 
7
30 46 33 6 4 32 34 
40 36 2 25 12 14 22 
24 45 23 3 48 27 20 
39 21 44 31 7 41 11 
29 1 10 8 9 42 13 
49 28 17 15 18 43 26 
16 47 19 37 38 35 5 
6
26 9 6 27 3 23 
2 8 32 5 1 11 
7 17 14 12 31 19 
18 33 10 4 21 34 
35 29 30 24 36 20 
28 15 16 13 25 22 
6
21 16 23 13 25 15 
5 35 31 10 14 11 
22 32 30 2 8 36 
6 7 29 12 3 19 
28 34 9 24 26 18 
27 17 1 33 4 20 
10
94 12 60 57 80 1 81 91 83 70 
61 42 68 59 26 46 29 54 24 34 
88 51 21 66 78 44 30 50 7 39 
43 13 95 97 84 69 31 93 14 79 
53 4 62 36 92 65 52 89 15 86 
98 67 90 27 28 33 5 9 55 85 
96 49 8 20 10 38 25 87 47 48 
2 73 19 41 3 22 63 16 64 75 
40 77 82 35 58 72 45 71 17 56 
76 11 18 37 99 100 6 23 74 32 
8
50 60 5 30 37 18 36 15 
48 12 1 61 47 33 6 56 
8 35 29 32 23 45 9 49 
44 27 51 25 2 41 22 10 
4 38 57 11 14 64 20 7 
46 40 62 55 19 52 34 31 
28 54 3 17 63 59 26 39 
42 16 58 24 43 21 13 53 
3
8 9 1 
2 3 4 
5 6 7 
10
67 68 69 70 71 72 73 74 75 76 
77 78 79 80 81 82 83 84 85 86 
87 88 89 90 91 92 93 94 95 96 
97 98 99 100 1 2 3 4 5 6 
7 8 9 10 11 12 13 14 15 16 
17 18 19 20 21 22 23 24 25 26 
27 28 29 30 31 32 33 34 35 36 
37 38 39 40 41 42 43 44 45 46 
47 48 49 50 51 52 53 54 55 56 
57 58 59 60 61 62 63 64 65 66 
3
7 8 9 
1 2 3 
4 5 6 
1
1 
10
7 8 9 10 11 12 13 14 15 16 
17 18 19 20 21 22 23 24 25 26 
27 28 29 30 31 32 33 34 35 36 
37 38 39 40 41 42 43 44 45 46 
47 48 49 50 51 52 53 54 55 56 
57 58 59 60 61 62 63 64 65 66 
67 68 69 70 71 72 73 74 75 76 
77 78 79 80 81 82 83 84 85 86 
87 88 89 90 91 92 93 94 95 96 
97 98 99 100 1 2 3 4 5 6 
4
12 16 14 6 
2 1 7 11 
15 10 9 4 
8 13 5 3 
1
1 
5
21 16 11 3 12 
7 8 17 9 5 
10 13 1 14 20 
22 4 25 2 6 
24 23 19 18 15 
10
81 60 99 59 29 91 77 22 83 75 
98 46 51 71 14 85 26 27 45 23 
57 65 8 3 43 56 63 89 40 70 
41 69 35 58 74 90 42 48 47 21 
73 92 18 30 97 33 66 7 79 11 
13 28 93 9 16 19 53 6 78 10 
55 84 50 96 15 62 37 38 82 61 
76 87 72 1 88 39 31 52 80 54 
68 64 20 5 32 34 2 94 36 100 
17 49 86 25 67 4 12 95 24 44 
3
3 4 2 
9 7 6 
5 1 8 
10
71 3 86 14 6 51 77 36 19 24 
43 91 65 16 39 57 81 22 9 92 
47 79 23 84 27 64 7 95 34 48 
35 26 75 73 83 76 60 82 53 99 
1 46 68 89 31 45 69 4 30 13 
49 97 52 28 100 50 59 20 12 66 
58 32 17 29 44 40 87 42 90 96 
62 37 33 74 80 61 63 25 5 54 
56 18 72 38 2 70 85 21 55 98 
67 78 94 93 88 15 8 41 11 10 
7
28 29 30 31 32 33 34 
35 36 37 38 39 40 41 
42 43 44 45 46 47 48 
49 1 2 3 4 5 6 
7 8 9 10 11 12 13 
14 15 16 17 18 19 20 
21 22 23 24 25 26 27 
7
33 34 35 36 37 38 39 
40 41 42 43 44 45 46 
47 48 49 1 2 3 4 
5 6 7 8 9 10 11 
12 13 14 15 16 17 18 
19 20 21 22 23 24 25 
26 27 28 29 30 31 32 
5
8 17 12 3 25 
21 1 5 24 7 
4 23 20 18 19 
9 15 2 10 13 
6 14 22 11 16 
3
2 1 9 
4 8 7 
6 5 3 
1
1 
3
3 4 5 
6 7 8 
9 1 2 
8
32 20 12 41 1 60 13 15 
45 44 40 53 63 38 6 8 
14 4 51 27 17 16 2 10 
49 54 50 29 26 25 39 33 
48 24 5 36 35 28 37 30 
55 47 18 56 62 43 57 19 
61 34 21 11 52 31 23 59 
3 22 42 46 9 64 7 58 
1
1 
6
28 12 2 14 31 27 
7 22 17 10 13 26 
11 25 32 24 18 20 
15 29 16 4 8 9 
5 6 34 30 33 21 
3 35 19 23 36 1 
2
4 2 
1 3 
6
1 13 23 33 14 30 
26 36 7 31 27 2 
17 12 9 10 18 8 
24 32 29 19 22 16 
28 20 21 25 4 35 
34 15 5 6 3 11 
10
77 78 79 80 81 82 83 84 85 86 
87 88 89 90 91 92 93 94 95 96 
97 98 99 100 1 2 3 4 5 6 
7 8 9 10 11 12 13 14 15 16 
17 18 19 20 21 22 23 24 25 26 
27 28 29 30 31 32 33 34 35 36 
37 38 39 40 41 42 43 44 45 46 
47 48 49 50 51 52 53 54 55 56 
57 58 59 60 61 62 63 64 65 66 
67 68 69 70 71 72 73 74 75 76 
7
4 8 25 38 41 31 21 
37 40 34 46 6 17 1 
7 48 33 27 12 10 24 
15 39 11 18 22 3 43 
14 36 28 20 32 19 5 
23 13 45 42 30 29 2 
26 47 35 16 49 9 44 
2
2 1 
4 3 
6
4 18 19 16 28 23 
26 14 35 32 20 5 
34 36 15 9 6 29 
25 21 31 13 11 2 
17 27 33 8 24 7 
12 10 30 1 3 22 
