6
50
139 274 242 540 303 538 2 395 484 839 152 245 321 635 59 246 486 865 314 530 425 714 288 621 434 710 57 59 306 411 192 232 390 475 162 403 264 353 366 653 242 287 484 492 12 86 13 286 374 416 157 589 439 730 128 464 272 605 77 116 336 705 225 283 436 587 153 530 148 376 160 475 274 579 19 158 140 383 414 543 440 604 84 158 162 262 460 862 54 335 28 480 325 762 418 799 232 241 346 437 
25
71
368
938
985
596
142
934
888
226
699
985
556
505
900
116
16
182
695
146
781
660
1
948
618
611

200
947 1889 242 449 1240 1675 513 1122 660 1512 236 588 352 374 805 1684 702 1938 634 1378 750 1536 938 1155 536 1284 116 1039 185 541 1140 1145 374 1218 173 1166 259 1417 1148 1892 1241 2094 820 2055 636 779 921 1733 49 628 1082 2154 638 1193 521 1730 57 166 562 993 824 1683 1087 1791 286 1269 977 1174 2 687 868 984 83 372 900 1336 1217 2277 1034 2253 1004 1375 1166 2340 147 760 80 94 425 682 573 1204 123 431 378 1162 1087 1968 167 687 741 1803 1020 1277 862 1100 560 1565 403 465 1127 1968 744 1308 706 1566 860 1592 557 1654 505 549 938 1160 944 989 42 724 214 1023 497 1732 393 537 984 992 1068 1204 1231 1455 140 241 94 1014 1013 1223 1066 1737 20 1091 544 678 281 629 1057 1748 843 1138 214 1324 97 655 571 864 115 1196 1091 1830 600 894 625 854 517 549 946 1814 951 2199 53 354 1205 1620 282 917 769 1499 1036 1373 1048 1096 53 395 73 73 289 894 1111 1572 878 1064 867 1015 691 718 725 1933 913 1512 1049 2083 350 476 755 1514 1227 1399 920 1641 614 1802 600 1237 147 1144 430 653 969 1854 742 1727 312 561 777 1389 1086 2021 192 426 132 427 641 935 205 605 960 1316 795 842 940 1140 577 896 950 1761 335 576 900 1305 917 953 119 1031 615 777 758 1765 148 1307 101 377 950 2173 492 1578 812 1755 576 1364 81 896 498 1283 714 1655 926 1216 229 1160 272 1048 61 1046 600 1234 435 1049 201 294 1199 1678 611 1124 830 1173 901 1194 730 1700 335 663 591 1205 1172 1632 647 1150 600 1230 46 1228 861 1466 1079 2186 1157 1973 201 744 767 1101 1105 2000 460 736 647 762 196 279 4 399 560 1053 718 900 758 1125 550 870 114 337 692 1827 547 1670 509 1326 765 1246 1052 1637 918 1664 346 1118 1198 1397 30 1219 1067 1559 496 921 539 1714 520 1211 883 1138 1009 1464 1124 1457 538 561 920 1054 1048 1789 641 1475 508 862 598 852 1158 2201 176 1345 390 856 
100
1530
827
619
1951
39
418
90
865
435
367
1066
1534
748
388
584
1560
1647
210
1659
2494
1611
1307
751
1352
969
1923
1981
2350
2323
1649
1143
1666
102
1840
524
993
983
1323
1530
1278
221
2082
226
2356
2373
456
2485
1529
1788
865
2402
399
1098
1772
192
138
2328
1683
1637
1921
1423
2179
373
1027
1965
1527
781
2222
1889
1200
669
1304
726
2380
97
2436
1369
2117
1823
572
1789
261
702
1517
1505
91
766
168
1472
96
248
1269
2349
1260
159
1669
1601
2097
1189
982

500
1 5000 5000 5000 1885 3688 2492 4666 886 2459 1660 3772 1625 1708 1949 4006 673 1234 999 2102 2488 3225 518 2642 657 3019 293 2103 2175 3100 1043 2877 1042 2246 1712 3576 160 2498 2146 2540 2489 4818 1759 3427 2080 2636 704 2672 361 1206 1476 2518 31 249 968 1264 903 1024 955 2196 2260 4286 1757 3141 1662 2372 1277 2341 2389 4578 1116 3198 2227 2943 1874 3937 566 1188 1935 2127 1845 3131 2379 2671 479 2453 579 1165 1489 2167 2316 3517 1593 2663 830 3107 1131 1853 1602 3880 2089 2487 2089 4432 315 334 2170 4467 1880 2633 1171 2506 2165 3391 1207 3575 1015 2995 539 946 249 1584 1267 1533 1732 4150 1242 1756 1150 3586 1178 3401 398 753 162 1031 1894 3339 957 1728 1425 3723 2139 4091 2272 4447 1156 1387 1171 2672 2049 3381 1197 2863 592 2161 300 333 820 2175 1567 3035 841 1148 2346 4550 518 2474 812 2602 660 700 257 2714 960 2402 83 190 622 941 376 924 1533 3932 2018 3572 1455 1996 1193 2678 1221 3365 1950 2545 2207 2223 728 1798 1222 2182 449 611 2435 3335 1108 1918 1926 3920 158 1082 1153 2637 1808 2926 1542 3543 2331 3838 403 2358 2491 3455 20 2488 2050 4421 520 2481 1137 3514 393 1502 1109 1750 327 1547 2087 3119 1896 2933 2089 3454 929 1690 1074 2285 2289 3858 666 2243 2154 3220 459 2105 1721 4054 1148 1570 2128 2715 751 1044 256 1475 599 1154 2190 2922 2377 2485 1690 3691 848 891 2022 3176 1383 3045 425 2450 861 2670 1203 3166 2196 2916 2490 3192 1748 3095 835 1963 1316 1953 1107 2169 844 1557 1914 2536 1354 3140 2449 3692 102 1866 148 2004 725 837 2099 3259 2381 2858 1054 2423 1674 2188 888 1590 470 768 1305 1809 2436 4478 2357 3974 1128 1689 89 1958 1258 2971 2229 3540 2289 4339 291 1717 262 2103 1702 2703 1409 3380 1051 2259 1798 2126 2346 3773 1814 2305 1214 2699 1961 3741 2146 2700 2166 2955 2333 4347 374 1324 1621 1658 910 1717 2319 3023 741 2665 1451 2565 39 1761 2178 2579 1327 2452 1182 3645 1339 3057 2139 3497 757 1211 1199 3586 1812 3200 1464 1543 581 1461 1165 1937 872 1537 1325 1564 323 398 1861 3074 1113 2963 743 1238 1677 3755 8 1587 774 1478 950 1622 219 968 2468 3022 1992 3946 984 1715 1691 2987 1970 2104 910 2745 1807 2494 566 2569 2037 3569 756 1043 138 465 549 723 341 1704 1467 2870 2448 3465 64 1456 2188 4461 727 2438 1795 3714 1177 3303 292 2054 611 2501 1582 1680 1401 3648 2078 2279 944 3037 1095 3443 761 2771 1732 2763 1374 2783 2093 2882 1702 2287 1928 3197 1325 2689 2395 2477 478 1364 1266 3241 1552 2752 1830 2289 732 1617 301 2206 373 2738 1243 1393 179 1605 1170 3029 1614 2207 1734 4081 127 304 1435 1885 1321 2548 1695 3556 1090 1829 785 1288 1005 1999 1664 3383 2304 3617 946 1590 778 1908 988 2090 287 1833 591 874 825 2624 1173 1716 2403 3482 386 458 1637 2419 514 861 1902 3352 1600 4092 502 947 798 2030 680 1649 2180 4186 1885 4220 1535 2862 519 2848 1418 3541 1297 1628 439 1388 1756 2517 524 2331 271 387 914 2190 1844 4062 1960 3371 1154 2602 189 1814 236 2727 535 2790 860 3186 1064 2473 1173 2553 2011 3782 1638 3072 2153 3168 1724 2364 962 2445 1624 3801 878 1735 554 1482 1712 2036 258 397 162 1405 2080 3975 28 1418 1547 2606 671 2536 2476 2870 587 1533 1962 4344 1277 2731 2042 4285 1167 2058 2115 3088 562 1063 2384 4144 609 2904 2486 4864 1167 1824 725 3116 1767 3568 580 1292 973 2888 961 2457 1046 2928 999 1400 176 1360 814 1641 1908 1937 1558 3287 577 658 792 3117 1170 1766 602 1443 1426 3782 1186 3683 335 1297 1633 1711 1580 3046 2255 2541 1643 4012 2431 3973 519 2395 1797 3965 1588 2696 87 2482 1637 2633 2368 3092 2396 2863 2398 2663 1253 1404 2188 2405 2093 3100 823 1429 425 2359 2066 3009 1086 1118 512 1513 612 2483 1478 1724 744 1243 107 264 2049 3463 1839 2204 1482 3310 929 2189 622 2384 2089 2585 1120 1774 2210 3133 421 1512 1010 2090 997 1757 246 384 1757 2949 865 3025 2468 3567 1830 3824 2313 3637 1178 2974 1257 2375 1916 3996 1239 3509 2475 3369 2484 2644 2478 2587 762 2104 1687 2300 1197 2964 711 1792 564 1151 2479 2770 659 3079 1327 2177 1421 2122 1507 3679 1897 2468 667 1507 2346 3292 2373 2920 1471 3137 926 2670 1514 2801 1566 2891 2445 3767 1237 3736 907 1024 291 2389 1093 1456 292 1689 53 451 1144 2269 121 1934 554 2266 545 852 1208 2942 258 392 1140 2104 539 1584 538 583 2266 2867 2229 3219 2037 2043 73 607 1467 1717 1751 3562 1829 2975 421 1782 577 2279 604 956 114 138 1310 1450 28 793 262 2555 1827 1955 508 2485 2219 3810 1747 2691 1053 2909 1953 3384 73 1583 2085 3174 1865 3090 2232 3494 39 1579 2350 3427 1068 3461 1053 2830 1867 3738 561 637 2028 4009 1130 3162 958 2756 779 867 677 1254 1952 2840 1282 1696 553 1778 1829 4281 1003 2083 748 2184 1812 2509 2018 4197 245 1677 935 3194 488 2671 228 887 1310 2093 895 2776 1372 3246 1368 2629 1413 2939 70 1626 533 878 745 1928 333 1062 1378 1848 458 1120 662 3139 736 3186 657 1092 1676 3612 314 2732 624 1870 391 690 1899 2625 969 2000 136 2393 851 938 
500
3263
1228
4797
3376
2990
1891
785
3630
3060
1671
1555
3068
4500
1274
704
2566
1246
1538
2853
1611
3258
896
3789
690
256
677
2630
847
517
1104
2842
3306
3024
2342
2754
1437
4179
4518
3428
4688
341
4224
4965
859
436
2177
3249
711
4232
3725
4319
137
938
2018
4362
3004
2563
1789
42
3018
1945
396
3402
847
1660
2183
1666
1874
1743
3924
3332
3344
4058
2053
3011
1543
3700
2159
3288
3060
4030
1282
1479
185
4307
3432
2726
3326
3115
252
141
3131
2479
4265
1944
4816
2975
3212
4338
2898
462
902
116
4330
2407
3042
4587
4082
2769
2512
4656
3887
870
915
3544
398
1537
3997
2756
4341
3894
2941
2795
935
3771
1018
1011
3130
660
1391
590
2385
173
1179
4921
705
3144
3236
64
4323
3742
2927
4173
2821
4242
4262
1656
2629
1417
4054
552
4347
2006
2948
2544
433
2250
2948
2796
1658
1504
4382
1234
1108
2775
101
4142
1283
272
757
2078
611
3327
2065
332
4978
1399
2638
2602
152
4606
4047
1439
2669
2504
2693
2328
4541
2727
3587
4714
4218
983
1892
4827
4566
232
177
4616
890
3165
395
897
3952
2993
3497
3225
402
4145
1215
1226
4990
852
3915
4605
703
1967
2797
3119
3016
718
1786
2511
3207
1837
3661
3355
1315
3348
1363
4114
3004
2105
393
533
3286
4223
76
87
2081
4652
2965
1332
3576
1008
1431
4093
2468
4833
830
1689
3309
2035
950
2495
4709
3269
3533
2056
4080
4776
2022
1401
4275
1520
3147
2270
4888
3997
438
1955
4211
2147
1212
1219
2485
3781
4007
2028
4450
3320
830
1986
1329
1371
1035
1039
175
4485
2640
4236
1008
1319
2511
2265
3188
992
813
288
3378
3543
1762
1344
2684
3219
4656
2717
2366
2695
390
3189
3180
4161
4448
4238
3367
3153
3404
3594
835
3311
971
2396
120
4117
4969
4853
2091
579
3876
111
2129
1090
3725
2651
1639
2584
4654
3493
721
490
833
1821
1573
1632
3400
1721
3875
3817
4806
3565
4076
4288
216
173
2547
1902
2498
3409
1468
943
3274
2799
4872
593
2355
79
2778
3694
4969
3271
4649
3731
795
1143
2603
1976
2610
663
4818
2040
2852
1356
2557
1307
3245
4353
3966
4711
1428
4962
291
3598
85
612
2243
280
3192
3953
1680
472
541
1567
1483
2684
3529
4688
3072
4543
2354
1588
1815
2809
1972
34
4892
3366
3909
3662
3468
2019
2035
1580
4556
20
1464
4363
2639
4059
4887
1316
404
1876
614
4329
3994
2636
1199
211
2025
255
2453
20
919
2160
47
100
811
3515
1308
598
4681
3351
3700
1114
1491
4663
3199
3998
712
1391
756
4917
4931
3116
3584
1970
4835
2764
417
4205
1962
2205
4645
4571
1773
753
4868
1125
1551
4983
4263
2063
2162
1701
4859
3921
1411
1689
2174
4522
4360
1375
2941
1479
4289
245
2151
4260
4201

150
234 234 676 676 31 31 1039 1201 1174 1202 665 1788 675 1794 566 1392 1082 1184 1156 1867 950 1748 352 1179 1079 2170 80 996 1200 1217 1180 1510 1110 2168 784 1969 749 1639 576 1608 171 1204 704 1359 33 1119 172 1097 693 1389 134 934 492 580 572 1289 201 1407 753 1731 873 1892 366 997 773 1105 541 1352 887 2119 641 1596 314 1085 1247 2496 261 1130 307 353 106 845 469 1588 1227 1637 1202 1939 1150 1513 683 822 172 206 491 1683 744 794 405 442 1125 1627 100 1166 911 1592 1039 1489 929 1334 1027 1124 1155 1653 13 65 237 1012 81 1119 814 1235 133 313 787 1873 1087 1357 872 1020 967 2015 693 1841 687 988 309 1392 63 470 398 1275 970 1519 23 464 909 2044 262 644 447 1636 454 525 116 776 436 666 414 785 797 1994 984 1146 1030 1471 947 1147 1104 1144 614 1292 401 561 602 1563 226 767 146 470 7 195 999 1035 1074 1281 469 972 619 1003 958 1210 1148 1791 526 1127 960 1033 352 866 854 1277 450 589 1112 1980 384 1207 49 421 507 1146 1155 2073 805 1430 191 969 1187 1979 456 717 890 1445 207 758 954 1362 966 1277 168 1236 936 1342 44 483 736 1639 1226 2347 84 843 709 1309 1151 2240 816 1752 1115 1174 255 841 747 967 790 1182 1194 1280 1053 1315 177 453 320 1122 1238 1865 1163 1584 366 966 796 2004 31 1051 936 1874 401 1441 954 2084 1144 2022 913 1421 366 1094 786 1904 211 235 1230 2265 657 900 101 949 1014 1594 935 1676 
80
234
137
1410
2227
332
2275
1287
1753
1252
950
956
1726
1408
906
353
1750
1887
154
1828
2355
1360
348
1509
954
610
350
1041
69
1167
2222
2011
994
1980
2413
1806
338
2266
2200
640
775
582
759
1557
1187
536
2315
729
99
2274
1976
319
1585
2266
1116
2309
1863
126
128
345
1149
1223
2169
702
1869
928
2414
2018
2229
452
1972
325
125
1448
1926
842
1363
1232
1296
2041
31

200
31 747 81 1623 1206 2158 1256 2329 610 1686 660 2093 84 367 134 1433 266 1009 316 1754 797 1559 847 2029 423 651 473 1575 495 1698 545 2099 1016 1927 1066 2213 269 338 319 1419 511 697 561 1598 3 465 53 1482 826 1766 876 2133 144 1177 194 1838 182 487 232 1493 702 1109 752 1804 405 717 455 1608 729 761 779 1630 440 561 490 1530 690 1164 740 1832 1246 2125 1296 2312 1114 1663 1164 2081 268 477 318 1488 704 1473 754 1986 804 1417 854 1958 176 1085 226 1792 364 1053 414 1776 650 1799 700 2149 890 1796 940 2148 510 727 560 1613 610 1138 660 1819 403 1616 453 2058 247 1107 297 1803 39 473 89 1486 479 696 529 1598 597 710 647 1605 280 697 330 1598 552 1447 602 1973 880 1387 930 1943 693 810 743 1655 930 1054 980 1777 479 1150 529 1825 400 792 450 1646 1171 1645 1221 2072 550 938 600 1719 174 1296 224 1898 391 1196 441 1848 169 638 219 1569 950 1602 1000 2051 1171 1752 1221 2126 485 1084 535 1792 356 375 406 1437 1149 2145 1199 2322 572 795 622 1647 162 256 212 1378 430 1103 480 1801 1027 1045 1077 1772 1148 1777 1198 2138 372 995 422 1747 584 823 634 1661 31 1250 81 1875 477 1680 527 2090 956 1860 1006 2180 536 746 586 1623 997 1341 1047 1920 662 1442 712 1971 902 1029 952 1764 1176 2228 1226 2364 217 713 267 1606 749 1341 799 1920 881 953 931 1726 119 627 169 1563 1242 1789 1292 2144 429 1481 479 1990 264 272 314 1386 136 540 186 1520 316 1190 366 1845 938 1315 988 1907 1023 1838 1073 2169 552 626 602 1563 1061 1198 1111 1849 631 1447 681 1973 913 1492 963 1996 413 1443 463 1971 347 587 397 1543 369 723 419 1611 97 1285 147 1892 377 697 427 1598 175 1412 225 1956 148 525 198 1512 530 1354 580 1927 803 1178 853 1839 1242 2329 1292 2414 1037 2218 1087 2359 172 173 222 1336 1006 1262 1056 1881 67 651 117 1575 179 1001 229 1750 942 1300 992 1900 293 756 343 1628 
150
233
360
1152
1126
306
1940
2286
1425
921
134
1187
1693
484
1603
521
160
2260
1222
123
2452
1713
131
348
2470
892
1842
576
1240
775
1434
2107
1858
133
803
2210
82
1517
1485
1966
672
1427
2157
464
569
1558
1551
1347
2146
1060
518
82
1257
661
135
317
848
474
546
1067
320
562
54
877
195
233
753
456
780
491
741
1297
1165
319
755
855
227
415
701
941
561
661
454
298
90
530
648
331
603
931
744
981
530
451
1222
601
225
442
220
1001
1222
536
407
1200
623
213
481
1078
1199
423
635
82
528
1007
587
1048
713
953
1227
268
800
932
170
1293
480
315
187
367
989
1074
603
1112
682
964
464
398
420
148
428
226
199
581
854
1293
1088
223
1057
118
230
993
344

150
1670 2277 536 1670 813 2044 957 1631 65 523 7 463 364 737 363 1222 486 883 381 1062 652 870 285 644 550 931 1034 1966 1125 1558 1157 1966 318 865 1129 1465 595 1446 255 611 793 1655 499 1072 239 754 465 1278 443 1354 713 1707 145 685 1099 2235 690 958 299 1045 700 1001 652 972 585 655 51 1295 1072 2180 596 1083 626 1101 1083 2116 245 494 808 1246 733 1743 127 764 806 1472 1212 2066 500 1221 687 768 670 1092 975 1038 249 1356 8 499 624 882 1026 1044 276 686 1035 1415 132 133 367 1575 820 1457 119 478 1175 2088 154 953 116 180 611 740 73 261 603 1379 800 1578 981 1316 333 336 565 1609 1203 1219 366 1254 1026 1834 552 1096 590 1124 1080 1680 549 1778 529 1675 1194 1845 185 751 200 1305 1006 1104 901 1711 303 804 458 602 609 1206 830 1821 203 1272 634 1013 255 1214 162 1085 1076 1951 390 1112 179 1157 747 965 1056 1837 249 619 46 719 395 967 572 936 976 1174 1138 1926 607 1549 1099 1223 538 1162 976 2057 1051 1200 1186 1364 788 1439 366 1085 1102 1702 368 1120 378 935 943 1061 438 1367 1005 1967 177 954 1048 1936 469 932 1087 1284 142 577 713 776 1027 1194 703 1911 715 919 726 1149 641 1794 830 1554 332 492 729 1427 730 1739 1070 1680 335 940 19 491 1027 1846 846 1945 650 860 660 1309 123 758 618 1331 99 668 139 805 331 1132 396 832 60 499 1054 1290 266 819 54 821 723 1897 655 994 811 1050 345 1016 
80
1670
1518
511
669
1753
534
2426
110
105
670
2470
2381
2125
1897
1981
1957
1548
800
858
112
21
1333
10
487
1015
1964
1634
2440
311
1884
703
1375
611
694
2057
836
342
1526
725
1242
2099
1580
1925
627
2021
2073
2066
1475
1128
1062
1235
1741
99
986
32
82
643
1676
1654
1325
145
1824
761
1661
1799
2019
969
1137
2303
1068
1055
1713
557
2406
1867
1603
2376
383
432
2145

