20
390 818 745
20
208 14 139
694 107 395
23 987 19
25 786 329
493 104 401
200 122 23
50 386 241
827 128 73
45 961 682
206 366 86
15 71 282
12 293 553
650 454 495
148 385 497
392 968 334
199 387 39
973 51 280
354 11 672
493 127 17
540 308 143
985 848 926
20
179 356 12
44 490 297
126 181 58
55 225 110
321 99 486
115 70 171
602 187 844
391 11 188
53 76 203
29 374 307
78 959 34
182 24 828
318 296 43
244 72 530
161 730 76
751 808 296
487 54 106
857 36 588
231 12 118
291 62 35
734 644 887
20
676 968 23
946 215 329
122 851 31
219 99 845
311 57 422
229 117 452
114 78 48
329 388 63
855 924 12
335 774 659
463 361 424
308 947 550
191 252 239
10 245 760
133 369 824
860 193 530
10 485 782
487 197 15
852 61 373
118 426 365
459 394 656
20
42 63 382
96 248 26
81 18 126
17 232 81
683 539 847
642 336 827
449 20 400
50 57 835
23 301 69
564 917 28
647 366 151
532 768 739
812 402 741
139 237 804
55 148 357
173 84 184
284 92 851
646 18 568
318 656 760
313 12 79
415 542 410
20
22 585 19
99 661 543
173 46 12
10 38 73
74 598 77
46 730 935
49 950 123
523 11 17
747 751 281
691 301 34
374 48 608
968 10 924
400 484 906
11 738 36
298 270 12
238 20 136
314 818 666
345 374 77
472 301 517
101 10 129
201 548 847
20
216 624 923
662 104 10
910 123 865
577 48 802
109 200 929
411 12 198
162 13 43
544 150 494
156 746 353
146 25 126
50 42 16
747 210 189
244 40 83
368 16 942
606 203 442
13 908 775
276 35 401
384 559 659
657 43 216
29 210 622
393 821 883
20
389 586 269
363 927 476
156 65 852
92 924 146
40 332 572
205 135 101
69 62 351
156 849 10
35 18 438
355 39 774
478 477 442
59 744 795
188 213 136
11 712 410
703 728 365
91 960 333
36 157 517
880 71 23
253 46 520
924 39 79
100 100 100
1
100 100 100
861 695 625
20
10 77 445
958 23 124
398 967 12
23 379 811
714 78 384
59 37 16
13 569 71
113 129 32
688 20 215
158 267 96
823 123 170
353 483 10
964 560 17
75 11 154
21 356 125
10 281 16
760 157 656
13 651 599
888 314 10
474 876 659
855 390 629
20
387 456 303
689 97 355
440 293 297
33 777 143
148 769 21
729 811 907
17 954 233
761 15 172
102 38 21
22 199 198
614 916 620
42 56 55
603 32 829
139 53 968
689 168 61
14 680 22
952 147 134
307 632 625
290 57 773
10 13 152
828 683 564
20
526 612 937
85 194 532
729 56 190
29 46 518
363 18 134
60 741 529
321 353 874
90 376 71
11 391 83
52 179 772
832 292 690
524 434 459
571 38 10
32 415 58
96 352 802
47 848 436
980 73 621
174 60 10
60 339 250
64 39 423
382 993 459
20
917 103 568
776 500 372
18 900 13
92 367 16
803 755 414
94 321 521
746 421 216
313 321 18
628 147 561
451 65 898
747 179 336
249 37 590
397 166 431
248 550 433
42 76 10
94 56 10
353 963 11
307 821 100
29 994 478
588 35 454
991 827 352
20
29 560 929
139 681 102
144 853 10
84 729 80
218 20 67
140 80 901
428 20 500
520 970 128
422 419 30
413 101 192
467 448 501
32 939 684
34 20 38
251 317 132
588 437 10
648 21 79
391 25 14
499 22 24
854 77 361
405 25 20
686 595 72
20
484 559 115
352 42 892
44 674 953
686 616 366
992 981 409
421 30 197
744 359 16
716 150 327
50 518 235
207 212 177
20 430 588
551 690 970
25 238 408
44 14 140
68 708 337
235 952 283
68 851 120
21 790 505
275 336 987
131 552 16
669 872 698
20
31 186 451
121 759 10
517 497 500
222 271 26
570 347 53
81 160 859
349 182 365
270 845 83
949 430 369
58 658 421
672 117 151
102 968 223
245 365 122
10 25 193
672 34 260
34 39 65
990 163 36
13 394 10
10 166 55
10 504 114
552 962 915
20
213 199 214
461 68 134
63 907 730
65 595 102
24 466 531
526 10 610
57 10 181
678 30 12
511 536 368
296 18 772
254 10 495
784 40 65
12 63 668
723 11 306
255 706 292
202 104 51
141 46 500
478 159 683
44 319 28
271 192 163
588 838 678
20
314 743 943
659 696 10
10 10 352
223 53 91
733 594 19
384 64 487
15 11 770
569 639 471
590 613 747
777 99 217
12 666 132
396 456 914
186 72 157
505 952 153
143 56 197
380 988 876
869 213 672
76 388 744
68 504 684
833 56 709
536 749 776
20
55 10 724
122 264 654
10 980 98
494 242 170
159 814 813
615 278 95
251 298 381
310 43 52
735 913 69
195 29 266
15 324 268
12 831 11
19 148 12
30 323 24
417 186 702
799 890 338
79 615 470
540 62 142
206 132 220
347 15 916
788 804 781
20
447 71 70
274 994 525
577 199 427
543 963 263
438 11 11
484 844 38
54 125 371
123 10 217
797 403 18
41 527 163
487 10 171
16 762 912
10 932 68
694 118 222
759 10 22
670 917 553
107 871 413
119 82 410
614 472 670
230 100 99
524 829 430
20
45 392 93
140 56 30
29 42 621
249 829 584
886 53 26
691 215 765
174 160 477
65 481 367
62 239 741
48 361 10
950 657 395
82 712 883
202 21 249
973 273 110
123 277 871
11 15 67
65 192 182
730 28 717
168 952 720
55 829 760
