100
491.79611 1.37828 1916.26692
1.09116 3.65235 1999.23928
99.58106 2.18227 492.79379
473.0 4.0 1342.0
1.00000 3.96 1113.63819
8.15426 1.63437 1992.49233
493.39000 1.17050 1909.65456
496.34095 1.22454 1956.80963
492.48474 1.02455 1991.37979
371.0 3.0 1169.0
456.00000 1.00000 483.00000
158.1 3.7 1354.0
491.01985 1.38707 1912.62731
494.35515 1.36281 1954.28685
494.34989 1.41054 1928.74998
1.36021 3.34045 2.58643
32.72096 3.71049 558.55292
161.0 3.2 1.0
491.77996 1.49322 1956.37416
15.26868 1.97185 1997.28521
64.06264 3.96703 1506.95637
255.92277 3.44787 165.24994
39.00000 2.00000 78.00000
475.07676 2.0 1961.5
494.26245 1.01145 1958.48262
495.51475 1.20147 1992.84997
299.00000 2.00000 598.00000
1.09159 3.85798 1999.51849
30.69386 1.99201 942.22314
1.08242 3.15404 1999.12357
454.0 1.0 1394.0
491.60171 1.02008 1934.97249
497.50320 1.34297 1972.67651
296.00000 2.00000 592.00000
324.00000 1.00000 348.00000
98.4177 1.0 1581.851
491.28368 1.30097 1962.04053
87.8 2.08 529.2
494.01370 1.02046 1912.08830
491.33874 1.37146 1978.67994
490.24362 1.40904 1988.96611
160.0 3.0 241.0
319.64599 1.49 522.163
387.85005 1.71890 85.31239
495.14704 1.10540 1960.61354
267.01606 2.93262 26.70846
329.0 2.0 1018.0
495.20065 1.00605 1905.84453
21.0 1.0 1395.166
491.08132 1.30895 1912.37546
496.33089 1.06801 1983.17045
494.73220 1.19516 1999.12073
492.87988 1.17789 1988.54415
46.07386 3.12417 1089.49
498.87481 1.32339 1982.84104
495.18314 1.19647 1978.05971
302.4157 2.92 179.0
114.440 3.43 2000.0
24.0 3.0 1314.0
140.28983 1.0 1930.30962
193.989 4.0000 278.3087
139.0 1.0 1023.0
492.27853 1.17276 1940.41701
281.00000 4.00000 300.00000
37.26017 2.05983 1122.06015
192.23011 3.84193 163.13030
307.0 4.0 177.0
176.13123 3.42941 548.68505
144.32369 2.810 1652.246
458.46921 2.61839 1777.55964
49.62902 2.12242 736.56588
497.66669 1.38807 1931.15349
491.52001 1.31251 1936.71967
53.0 2.6815 1818.627
342.0 3.0 1390.0
1.05858 3.49607 1999.40529
490.60510 1.48739 1962.14857
204.93450 3.99117 68.60327
291.0 3.0 1483.0
494.74379 3.07980 455.17175
86.82 2.4883 911.0
127.0 1.0 699.0
384.37908 3.07395 111.45663
266.53199 2.10905 1116.12331
497.51010 1.28215 1950.54824
500.0000 3.20 572.0875
490.83591 1.11517 1946.13449
490.99199 1.39444 1945.41853
36.00000 2.00000 72.00000
469.00000 4.00000 485.00000
486.89271 3.48738 149.12969
496.14157 1.33484 1901.11204
498.54317 1.14525 1975.14185
455.41 3.60921 1104.00781
492.15184 1.18997 1923.04823
497.96190 1.40562 1906.33436
480.9 1.1512 115.7
81.0 1.0 229.0
453.0 2.0 1760.0
42.80420 2.41215 1077.63591
