1000
51 32 31
55 98 32
40 76 92
52 71 59
73 5 80
88 40 84
23 100 5
96 95 29
27 39 58
1 94 5
66 22 24
81 53 85
31 15 100
50 22 86
72 53 57
87 22 56
6 33 77
12 85 59
7 13 96
16 53 10
14 72 37
93 40 71
15 29 66
79 88 11
29 75 87
39 62 100
71 59 9
80 15 95
16 74 2
54 84 33
35 64 17
31 43 35
20 28 98
21 63 84
5 85 97
75 63 74
91 25 16
27 65 77
89 80 48
89 99 82
38 4 40
20 18 1
93 62 88
59 43 87
69 62 92
88 27 3
93 6 84
99 99 99
1 95 53
54 8 62
75 69 6
44 19 7
36 87 6
46 4 73
63 90 6
79 74 13
73 41 26
70 42 40
11 73 54
38 100 15
58 99 46
83 88 33
44 27 57
98 87 25
81 79 13
4 86 31
31 90 6
99 8 69
99 35 58
91 10 57
83 25 47
13 17 1
23 7 39
78 28 15
56 57 34
33 12 86
57 41 42
43 19 26
61 30 32
59 46 2
53 66 72
8 92 17
0 57 27
28 13 37
34 98 65
97 69 86
8 100 13
90 77 46
2 20 12
34 64 3
87 81 48
29 2 60
55 94 47
69 74 98
78 100 69
65 77 76
18 82 44
22 89 58
8 90 85
37 17 62
63 53 74
4 17 11
8 34 45
54 12 86
70 25 2
81 13 32
84 90 1
80 2 41
65 77 35
19 23 85
37 24 17
35 35 60
52 60 75
0 27 62
100 31 47
22 2 57
44 52 32
10 37 85
84 63 23
100 68 14
97 81 53
44 35 57
57 71 100
67 3 26
75 53 41
10 22 75
2 86 38
57 75 18
92 3 36
100 6 31
91 9 77
86 23 47
59 30 95
72 45 65
100 90 10
54 93 10
45 62 57
30 9 85
85 2 99
0 34 29
16 96 54
90 47 68
8 47 90
63 42 23
52 33 14
27 86 68
48 62 3
79 46 84
12 59 63
29 21 13
16 58 42
35 57 4
38 91 22
13 66 1
37 56 98
65 19 26
23 5 33
16 12 2
7 55 65
80 32 67
93 5 46
17 17 24
82 47 30
10 55 4
90 78 19
34 59 57
77 91 2
80 80 99
55 84 13
13 69 20
22 15 99
33 35 34
0 55 55
90 70 34
76 5 76
45 24 7
33 84 61
67 89 59
70 88 73
81 38 96
97 96 54
4 84 60
98 55 70
7 56 41
42 58 87
57 26 71
78 71 68
73 6 68
28 75 45
65 91 93
57 85 91
61 71 58
92 4 28
96 31 25
16 66 96
87 57 12
49 18 95
30 5 25
32 14 83
84 71 12
37 33 18
84 38 75
12 55 55
86 22 44
34 27 91
46 100 56
72 83 63
32 68 96
52 58 41
19 71 93
100 54 94
91 22 82
32 10 75
50 66 61
48 48 69
56 22 38
2 9 3
42 4 54
61 53 3
100 1 1
87 37 39
84 5 4
19 53 6
50 82 26
53 80 34
77 76 20
61 63 52
67 73 45
46 83 61
22 14 70
41 58 27
75 52 73
67 56 15
100 91 95
26 54 1
68 45 5
57 58 89
73 93 3
51 76 26
20 71 63
75 76 37
30 83 16
37 87 64
67 12 75
2 76 15
65 34 26
13 15 91
2 77 57
46 71 15
98 13 29
5 74 9
38 86 11
22 75 38
55 94 1
51 82 15
35 43 32
38 92 85
66 96 69
51 66 33
95 29 87
57 53 73
43 41 16
95 62 96
40 47 81
5 95 26
78 22 46
76 10 62
21 60 67
65 83 43
77 89 75
85 16 71
4 62 87
84 40 70
51 7 31
48 39 20
65 81 74
34 44 71
22 20 89
23 66 83
9 78 90
78 21 43
21 52 78
94 53 82
73 67 79
52 39 2
49 22 17
0 15 62
90 48 65
65 70 12
45 70 62
99 13 4
53 70 66
92 40 17
23 60 91
11 99 92
19 67 40
83 98 82
10 33 33
30 44 90
81 64 70
86 54 55
44 62 13
30 41 28
85 86 56
57 38 52
10 19 4
31 80 31
35 29 87
32 46 61
66 90 100
35 22 38
17 46 54
42 13 34
1 45 6
82 20 52
79 94 60
89 41 20
80 33 25
52 79 8
88 7 40
49 60 88
10 33 56
84 69 3
72 40 83
76 70 22
27 23 72
71 28 11
94 7 87
19 59 93
31 20 6
84 26 67
21 81 30
24 1 68
16 43 68
16 48 34
71 28 4
98 38 32
92 38 94
95 11 94
100 66 7
25 43 87
28 95 81
53 5 47
1 54 73
2 47 93
79 13 6
20 60 75
28 43 83
43 81 99
57 48 78
47 27 8
86 89 75
76 7 28
74 73 98
49 73 97
28 9 52
43 72 63
34 14 7
99 41 62
52 37 89
74 92 31
21 53 4
37 92 57
61 87 41
82 70 56
34 72 48
56 6 32
76 47 70
8 67 44
2 96 76
26 20 90
46 13 67
2 36 39
73 9 85
91 77 4
85 73 67
79 70 92
29 72 80
82 98 10
92 80 87
64 25 83
4 8 40
85 67 94
100 97 2
75 9 23
23 89 93
41 48 10
46 60 87
98 83 39
9 3 8
51 36 99
80 5 56
82 89 7
46 74 16
18 75 3
88 58 41
75 12 4
83 39 80
28 95 98
57 66 7
63 4 15
50 36 93
44 33 42
52 29 5
82 94 57
64 20 30
88 98 52
77 83 58
3 8 88
5 5 86
89 8 11
67 14 93
38 68 94
38 36 53
45 54 78
100 6 94
18 13 17
36 42 44
77 97 48
19 38 41
87 20 40
25 43 2
13 68 39
15 90 92
25 2 9
80 25 64
91 2 82
89 11 13
31 86 25
6 90 18
45 39 23
59 89 41
12 72 15
80 22 42
38 13 25
32 81 7
16 5 23
74 86 67
85 12 5
100 84 31
25 17 18
47 66 45
41 85 26
19 90 69
54 72 3
34 67 6
56 83 72
93 73 82
67 94 53
8 31 78
58 63 62
54 70 59
85 33 65
6 57 10
66 98 21
52 96 17
17 43 82
93 91 57
52 20 71
38 8 35
10 72 100
12 72 83
27 69 53
79 87 63
23 65 87
6 36 66
15 70 53
2 100 54
25 40 82
67 67 62
89 48 41
67 88 33
49 79 11
78 3 72
25 23 43
65 42 19
97 10 91
42 35 78
51 72 5
87 47 83
98 57 37
4 64 27
10 38 38
84 58 8
60 2 68
55 83 24
8 78 93
34 26 6
96 97 9
96 23 79
83 77 15
96 55 72
0 99 43
3 89 85
65 48 46
50 58 100
88 98 54
3 82 67
19 61 77
93 24 72
79 48 79
27 63 72
77 31 9
88 55 34
75 18 15
47 8 15
59 72 79
54 6 54
52 36 12
43 24 79
50 42 68
89 86 90
53 28 74
64 81 11
3 22 39
87 63 16
98 69 74
74 24 4
63 39 40
84 98 25
60 100 78
94 29 61
79 31 94
15 74 4
66 20 11
26 91 40
24 64 84
47 92 81
8 61 41
95 24 55
36 61 83
7 52 33
72 17 12
61 11 30
82 65 54
33 6 28
5 21 40
100 60 84
13 55 55
54 99 95
100 39 9
53 61 85
28 100 1
28 16 5
32 98 7
23 24 41
74 9 58
100 98 41
91 35 47
54 28 31
61 56 2
19 80 12
3 40 45
22 84 76
84 90 42
44 88 41
59 78 24
12 98 95
57 52 31
41 31 52
51 61 95
81 3 94
75 23 60
28 89 30
98 42 24
10 34 81
23 35 44
100 64 45
62 18 5
6 56 93
54 7 5
30 17 52
97 88 98
1 23 28
23 70 19
73 81 29
13 62 100
63 73 6
52 69 42
55 77 36
54 73 68
38 20 36
75 83 75
62 24 38
36 60 91
17 26 74
72 82 11
94 54 91
85 96 27
52 10 20
5 19 45
30 64 56
28 74 83
55 94 27
41 9 44
45 19 56
90 69 64
22 54 16
97 10 17
86 7 52
50 45 96
36 41 40
32 43 54
97 70 4
14 46 40
80 70 89
83 27 46
75 2 67
71 81 41
10 28 72
94 13 95
97 58 73
21 84 62
39 5 87
17 79 13
72 68 30
95 21 59
59 60 85
8 2 87
72 84 72
75 79 54
91 86 32
76 21 60
4 38 5
30 25 5
19 13 36
36 54 38
28 2 36
65 89 98
85 70 9
49 11 58
47 85 3
0 44 99
46 59 25
17 81 100
74 32 14
2 21 41
12 25 45
54 98 4
0 20 21
7 95 21
70 72 24
41 87 80
27 61 19
98 6 75
9 70 2
16 39 79
8 61 3
51 22 21
100 91 42
3 38 18
96 46 9
19 7 99
28 44 77
19 54 59
81 8 37
25 24 95
22 64 65
47 71 80
79 7 62
69 11 77
84 74 99
29 11 42
11 72 92
6 37 12
99 77 4
90 98 72
33 58 9
25 63 58
68 55 29
22 95 30
1 97 39
26 2 42
42 93 63
68 31 60
34 92 25
15 100 82
35 45 55
52 44 12
54 47 14
42 67 86
94 75 65
39 62 19
25 25 97
74 83 52
91 54 60
7 21 17
72 98 89
15 87 67
23 7 3
75 36 52
14 63 94
83 12 56
85 73 70
59 98 12
1 52 5
30 94 18
3 75 98
94 30 67
67 77 35
85 74 65
97 61 94
99 61 22
19 87 86
66 25 14
45 83 96
80 74 70
46 13 25
96 67 6
16 54 82
42 62 90
20 46 39
55 71 46
39 94 64
54 31 99
93 85 66
73 7 6
31 32 20
94 6 97
13 42 34
61 12 61
38 18 100
73 32 97
2 35 88
52 23 15
27 6 1
90 76 61
23 76 96
30 74 67
86 25 64
51 37 95
34 78 21
93 21 57
83 45 78
38 42 11
79 26 26
5 42 25
26 57 61
6 45 79
24 24 77
20 11 46
74 32 16
6 54 76
75 71 84
98 41 60
97 18 34
27 56 28
86 41 9
82 42 37
7 25 48
12 39 71
76 86 17
91 63 31
23 36 86
5 47 9
17 52 13
56 91 37
97 24 78
13 28 46
65 18 82
41 26 27
14 30 25
17 55 29
89 84 47
69 96 28
19 25 7
66 92 12
47 12 95
14 10 10
4 99 54
21 99 3
79 20 6
64 82 82
18 95 60
1 23 57
83 83 38
27 81 7
29 94 95
51 16 83
15 72 4
13 9 38
41 35 64
33 56 65
91 88 3
17 8 18
97 37 34
91 86 25
93 81 97
53 85 73
36 17 39
75 30 25
77 75 53
5 100 52
97 48 53
95 92 84
100 87 47
79 6 30
6 12 13
62 48 83
28 12 87
99 92 73
78 28 94
35 71 80
98 96 13
87 15 84
95 85 81
38 15 17
41 54 55
55 99 81
88 64 68
33 44 96
19 8 1
81 64 71
82 35 76
100 35 40
96 74 56
16 11 38
87 12 14
14 60 30
94 62 11
44 31 91
45 24 72
39 68 98
58 20 22
7 29 92
39 43 22
41 85 37
70 57 74
22 28 37
0 92 67
89 48 39
67 95 83
38 10 22
30 86 56
72 36 27
84 75 56
78 84 95
75 18 61
19 78 93
54 13 86
99 97 98
81 58 33
39 42 75
8 58 1
67 43 16
42 33 100
56 61 7
17 73 94
75 91 13
84 98 55
23 21 97
76 85 40
70 70 72
82 93 96
100 89 76
60 81 83
53 3 4
71 83 38
66 17 16
3 66 73
23 79 47
16 15 64
75 28 25
59 19 85
44 7 12
33 70 76
13 94 70
37 62 67
38 87 35
67 1 56
68 85 59
86 75 33
9 100 8
72 15 93
13 64 42
11 78 3
19 57 99
33 24 78
54 36 40
25 47 39
98 29 77
50 20 90
53 6 61
98 23 27
99 70 86
100 61 33
47 88 38
79 100 64
28 11 21
32 94 82
7 52 70
11 10 80
80 78 67
32 47 87
100 63 3
34 66 96
67 5 11
78 92 39
22 45 39
14 89 2
95 11 94
63 38 11
77 41 62
18 69 54
53 77 48
16 46 80
6 27 73
4 92 13
90 22 23
91 10 23
11 32 65
50 22 39
93 73 87
94 41 86
83 62 4
47 32 85
83 53 23
7 55 85
55 47 53
75 40 70
56 92 59
62 57 13
72 9 77
5 4 81
53 90 67
68 88 23
22 61 99
1 7 59
28 81 52
70 16 5
35 9 73
77 61 9
64 88 26
24 57 38
91 48 60
67 60 11
13 78 5
23 8 13
55 58 79
4 11 83
60 29 94
38 31 43
52 56 84
8 20 80
14 12 58
38 18 74
59 75 48
97 83 99
25 74 22
59 75 32
79 48 76
1 22 6
98 39 27
21 94 36
1 69 27
96 28 17
16 20 13
38 73 58
14 33 90
69 91 72
5 20 37
9 67 78
78 31 43
64 96 55
31 10 68
82 97 70
65 46 89
23 3 100
2 98 62
95 59 36
84 63 8
18 56 55
28 1 34
51 9 46
33 34 86
75 37 68
73 100 14
31 3 8
57 59 38
36 65 62
100 89 96
68 94 26
13 47 81
93 28 75
20 60 5
73 94 45
35 81 8
67 68 52
11 30 40
100 37 76
37 54 52
78 53 78
99 58 92
74 98 45
81 40 43
32 15 55
85 55 91
76 45 72
33 69 55
85 7 21
