100
1 4 27
2 6 13 23
1 2 27
3 7
1 5 5
1 2 3 4 5
1 2 6
4 6
1 2 20
1 6
1 4 28
3 4 11 19
1 1 20
4
1 2 23
1 5
1 3 25
9 19 24
1 2 28
5 9
1 2 24
18 24
1 2 29
12 16
1 1 30
30
1 3 10
3 4 6
1 1 2
1
1 2 30
29 30
1 3 4
1 3 4
1 4 24
12 17 19 20
1 1 20
17
1 1 3
1
1 2 14
3 5
1 3 15
2 5 9
1 3 29
24 26 28
1 2 30
21 26
1 1 18
1
1 1 27
4
1 3 22
2 3 8
1 3 26
9 23 26
1 2 13
3 6
1 4 25
2 4 7 16
1 2 21
1 6
1 1 27
18
1 3 28
10 25 28
1 1 21
11
1 1 22
13
1 2 26
22 26
1 2 23
5 6
1 4 29
4 8 13 29
1 5 16
1 2 4 8 16
1 4 7
1 4 5 7
1 3 30
8 25 27
1 5 30
24 25 28 29 30
1 3 29
12 17 24
1 3 30
2 18 26
1 2 18
4 9
1 3 10
3 4 9
1 2 18
16 18
1 4 16
1 2 4 8
1 1 5
4
1 4 30
4 5 10 22
1 1 26
3
1 3 22
5 9 15
1 3 13
1 6 8
1 1 3
3
1 4 11
6 7 8 11
1 3 29
3 21 27
1 3 28
5 8 18
1 3 12
1 4 8
1 1 1
1
1 1 2
2
1 3 20
4 8 14
1 1 27
8
1 2 6
4 5
1 3 26
19 25 26
1 3 17
14 16 17
1 1 20
20
1 4 29
7 12 25 29
1 1 25
3
1 5 29
2 10 18 24 28
1 3 26
3 4 9
1 1 2
1
1 2 7
4 6
1 2 23
4 7
1 2 8
2 4
1 2 8
3 7
1 3 21
1 6 12
1 4 21
3 7 17 20
1 1 20
2
1 2 20
18 20
1 2 13
11 13
1 1 19
3
1 2 8
3 6
1 1 7
1
1 2 21
16 20
1 4 7
1 2 3 4
1 1 13
1
1 1 8
8
1 2 24
17 24
1 2 27
21 24
1 3 30
3 25 29
1 1 28
28
1 3 6
1 2 5
1 5 30
1 2 4 8 15
1 1 30
1
1 2 16
12 16
1 2 3
1 2
1 1 2
1
1 3 22
1 6 9
1 2 2
1 2
1 1 22
1
