100
4
10 5 15 5
2
100 100
8
81 81 81 81 81 81 81 0
6
23 90 40 0 100 9
2
0 0
10
100 0 100 0 100 0 100 0 100 0
10
100 100 100 100 100 100 100 100 100 0
5
96 56 5 52 65
6
57 20 54 21 52 71
7
77 39 6 9 49 65 19
8
76 7 34 77 4 29 83 6
9
68 82 2 95 29 35 88 41 62
10
88 15 83 41 27 23 76 89 55 19
10
79 3 54 15 96 59 62 25 89 8
10
74 57 8 73 53 70 31 86 58 18
10
41 21 67 48 83 2 15 31 7 56
10
8 14 81 46 29 14 91 76 0 10
10
56 89 66 45 54 93 10 30 82 74
10
10 78 75 83 34 89 83 39 0 19
10
52 36 1 14 90 64 89 85 72 23
10
46 39 49 73 26 29 8 35 4 34
10
79 43 91 6 78 60 67 62 64 12
10
96 53 20 59 67 95 10 60 80 18
10
74 90 12 36 3 70 83 57 87 12
10
27 94 39 67 60 76 42 30 48 40
10
0 29 65 68 64 73 17 44 33 60
10
65 1 20 37 6 99 59 24 94 82
10
96 3 60 84 74 38 90 72 57 0
10
78 55 72 76 96 65 92 74 27 9
10
1 43 95 15 28 62 35 22 43 23
10
36 64 21 82 73 52 46 10 67 59
10
50 26 60 22 40 23 84 27 59 15
10
23 91 5 87 32 67 57 96 86 1
10
51 55 92 8 64 29 48 46 98 21
10
84 15 67 94 11 67 28 97 84 64
10
83 73 5 92 86 66 22 10 61 70
10
41 44 74 10 7 74 11 64 41 91
10
1 97 64 32 48 2 0 85 51 37
10
32 9 61 19 70 23 35 79 2 60
10
25 16 41 48 32 95 78 14 17 48
10
2 64 73 59 21 35 51 11 93 77
10
72 28 68 50 40 21 37 31 21 25
10
78 66 23 31 68 55 5 11 3 10
10
87 79 53 80 6 15 57 73 83 92
10
83 87 73 72 71 79 4 67 57 88
10
76 47 4 34 14 65 87 94 7 32
10
27 50 88 81 76 64 13 76 43 72
10
28 95 73 55 14 66 50 34 14 42
10
36 65 54 18 13 29 71 87 22 34
10
54 33 34 65 96 4 52 94 33 92
10
0 50 16 27 41 53 8 14 80 63
10
11 48 8 14 51 8 31 24 13 51
10
6 66 85 36 10 34 70 89 14 54
10
48 11 15 0 95 4 88 98 70 79
10
92 49 81 96 56 51 92 87 35 99
10
99 38 34 89 22 25 56 55 93 78
10
59 87 79 37 89 40 94 3 65 17
10
84 42 1 42 42 54 42 9 89 5
10
86 15 15 46 13 19 75 77 77 87
10
18 42 60 80 43 52 62 33 13 99
10
18 44 82 86 58 73 51 82 47 46
10
89 1 15 67 84 45 59 74 47 4
10
91 16 10 13 20 37 50 28 1 69
10
36 36 24 68 83 84 36 92 7 7
10
81 54 29 71 69 23 86 32 76 54
10
72 48 91 0 2 3 99 51 6 93
10
55 11 32 23 62 72 33 55 22 82
10
8 71 75 38 31 68 2 85 36 33
10
44 55 59 98 80 29 56 17 93 77
10
52 77 22 34 71 76 96 25 28 11
10
84 8 81 17 70 60 42 8 32 76
10
2 90 26 60 44 2 55 30 0 86
10
21 52 69 12 36 46 48 54 81 22
10
36 86 56 55 92 44 53 56 20 68
10
43 39 83 90 73 14 63 41 24 11
10
59 67 12 19 4 13 36 55 51 90
10
88 6 37 70 64 93 21 57 70 34
10
41 15 59 43 79 17 38 98 94 75
10
12 34 56 73 31 43 88 14 86 6
10
59 48 41 42 57 38 8 62 70 72
10
55 56 18 38 96 88 24 41 44 38
10
23 97 60 53 84 37 82 35 47 35
10
93 13 60 67 0 50 2 70 31 76
10
14 61 73 22 99 12 55 63 31 7
10
91 69 87 68 99 40 7 70 49 34
10
76 49 34 28 45 64 86 14 1 92
10
45 93 13 36 39 94 93 61 5 82
10
23 72 99 78 20 77 68 54 76 12
10
18 73 36 80 74 25 19 62 1 32
10
3 95 70 83 91 89 74 74 80 98
10
44 30 32 72 10 19 91 19 1 58
10
74 32 11 79 65 97 30 19 2 98
10
7 68 77 8 76 3 67 78 46 4
10
90 39 60 64 59 18 77 65 27 26
10
64 39 12 57 18 74 60 16 83 22
10
31 99 1 73 52 44 15 15 2 62
10
9 31 95 74 87 35 57 64 72 70
10
35 35 85 95 72 75 8 24 9 7
10
40 81 78 2 28 30 50 77 64 68
10
49 70 62 57 32 24 24 13 62 89
