100
4
10 5 15 5
2
100 100
8
81 81 81 81 81 81 81 0
6
23 90 40 0 100 9
2
0 0
10
100 0 100 0 100 0 100 0 100 0
10
100 100 100 100 100 100 100 100 100 0
5
16 40 93 85 35
6
89 42 44 57 91 59
7
75 42 2 5 40 65 90
8
53 82 92 27 92 12 59 71
9
64 96 4 7 63 70 54 83 37
10
42 12 70 20 63 42 34 55 41 33
10
7 21 67 26 81 5 72 31 2 14
10
56 30 72 5 5 80 6 22 53 21
10
77 20 90 34 15 7 92 67 1 91
10
49 45 15 7 13 75 82 32 87 18
10
5 36 24 7 20 86 59 95 1 88
10
8 81 1 49 26 55 20 81 77 4
10
23 57 8 29 85 85 63 84 20 14
10
95 61 8 52 65 35 14 27 9 70
10
94 21 94 15 19 70 95 53 6 83
10
13 6 65 40 48 79 83 64 8 70
10
82 45 83 45 11 29 35 74 13 28
10
51 55 68 39 37 67 36 46 92 3
10
87 95 33 5 16 74 54 79 39 71
10
10 83 22 34 65 65 43 47 56 66
10
46 34 46 43 26 81 31 22 65 71
10
10 94 64 30 46 80 77 68 71 23
10
87 18 77 93 14 96 16 18 24 68
10
59 71 33 29 52 68 1 68 70 39
10
45 37 4 80 61 38 8 41 56 92
10
29 82 65 61 23 83 76 29 96 74
10
3 61 76 62 27 64 31 52 15 11
10
19 72 8 26 69 79 19 50 27 64
10
20 37 32 11 59 55 58 90 58 83
10
85 20 91 91 71 90 11 72 53 37
10
3 85 18 67 16 36 82 94 53 97
10
37 65 38 28 69 30 69 81 6 26
10
53 62 88 64 61 63 44 26 66 73
10
88 57 32 76 15 65 75 20 12 66
10
5 75 42 33 95 79 18 37 54 76
10
37 88 92 13 77 72 87 90 70 21
10
94 35 29 45 81 45 49 66 64 85
10
38 45 99 81 56 13 96 23 5 35
10
53 23 23 94 68 30 70 24 39 4
10
47 91 18 42 15 9 52 93 12 56
10
40 77 66 83 44 37 19 91 6 84
10
71 76 68 29 75 31 83 26 40 8
10
75 40 4 61 95 7 5 56 90 45
10
71 56 70 20 25 19 38 23 33 53
10
3 5 27 9 86 29 23 84 7 28
10
49 20 62 86 15 73 8 23 40 60
10
49 78 60 87 78 7 15 34 66 29
10
45 30 2 2 47 33 32 71 66 15
10
92 87 88 5 65 86 35 88 53 70
10
48 19 42 78 37 54 14 26 84 78
10
49 76 75 15 14 13 5 80 82 89
10
55 40 81 82 33 95 30 74 96 93
10
36 39 29 18 45 97 17 10 38 7
10
15 14 9 17 90 95 8 17 94 17
10
37 29 7 29 16 3 87 82 80 43
10
99 39 18 35 67 38 58 94 29 99
10
25 91 81 19 77 90 45 29 55 4
10
52 82 28 10 98 47 52 24 70 39
10
85 50 2 5 65 55 84 63 93 39
10
40 41 5 94 98 60 83 38 13 29
10
78 67 36 88 39 23 75 94 83 80
10
66 86 76 47 86 52 40 25 1 21
10
50 83 44 30 33 78 48 66 14 83
10
48 62 80 70 30 31 51 22 10 91
10
72 46 78 66 37 11 93 28 29 92
10
28 64 99 75 77 6 31 11 43 92
10
44 55 98 82 46 59 28 23 82 20
10
20 93 62 13 60 20 98 0 20 91
10
97 12 65 30 99 73 50 52 4 74
10
61 56 15 67 7 6 53 44 5 21
10
63 4 73 53 88 58 91 31 55 62
10
82 53 40 15 53 80 97 95 62 24
10
86 33 36 70 53 40 42 90 30 68
10
5 26 45 64 63 33 53 74 21 23
10
86 31 64 11 57 11 25 41 7 79
10
38 86 37 87 41 47 41 31 93 0
10
81 1 50 32 35 2 1 71 52 49
10
71 96 7 37 51 89 95 66 69 73
10
20 71 8 44 39 25 37 73 91 16
10
80 12 67 91 71 69 41 8 80 39
10
96 4 73 58 61 17 84 36 82 6
10
61 72 98 68 52 73 52 79 49 51
10
65 27 76 76 59 41 10 7 9 36
10
39 43 96 94 10 6 88 37 62 31
10
59 7 73 53 2 50 1 95 36 8
10
57 84 78 94 92 59 98 94 89 50
10
25 69 22 16 71 54 69 54 22 12
10
0 92 45 62 71 4 0 11 48 84
10
20 52 59 86 37 56 63 58 89 73
10
36 60 76 9 26 3 14 71 50 91
10
10 85 73 60 87 33 60 85 17 21
10
89 79 80 6 93 83 15 26 29 31
10
9 99 23 49 45 57 1 31 20 72
